Code 00: 
Code 08: 0 0 0 0 0 
Code 09: 0 0 0 0 0 20 
Code 10: 0 0 0 20 0 20 
Code 11: 0 0 0 20 0 20 20 
Code 12: 0 0 0 20 0 20 20 0 
Code 13: 0 0 0 20 0 20 1 
Code 14: 0 0 0 20 0 20 1 
Code 15: 0 0 0 20 0 20 1 
Code 01: 0 0 0 20 0 20 1 
Code 02: 0 0 0 20 0 20 1 0 0 16 
Code 03: 0 0 0 20 0 20 1 0 0 16 20 
Code 04: 0 0 0 20 0 20 1 0 0 16 20 10 
Code 05: 0 0 0 20 0 20 1 0 0 16 30 
Code 06: 0 0 0 20 30 20 1 0 0 16 30 
Code 07: 0 0 0 20 30 20 1 
Code 16: 0 0 0 20 30 20 1 2 
Code 17: 0 0 0 20 30 20 1 2 30 
Code 18: 0 0 0 20 30 20 1 60 
Code 19: 0 0 0 20 30 20 1 
Code 20: 0 0 0 20 30 20 1 
